Incivility (manual),Hate speech (manual),Ksiazek hostility,Google WDYL,Ksiazek civility (reverse),Muddiman’s incivility,LIWC swearword list,Hatebase wordlist,Incivility (ML),Hate speech (ML)
1.0***,0.54***,0.38***,0.26***,0.07,0.23***,0.31***,0.14***,0.34***,0.2***
0.54***,1.0***,0.35***,0.38***,-0.04,0.15***,0.42***,0.23***,0.25***,0.29***
0.38***,0.35***,1.0***,0.37***,0.13***,0.26***,0.42***,0.18***,0.28***,0.2***
0.26***,0.38***,0.37***,1.0***,0.01,0.01,0.64***,0.15***,0.18***,0.2***
0.07,-0.04,0.13***,0.01,1.0***,0.02,-0.03,0.01,0.06,0.06
0.23***,0.15***,0.26***,0.01,0.02,1.0***,0.11**,0.16***,0.17***,0.09**
0.31***,0.42***,0.42***,0.64***,-0.03,0.11**,1.0***,0.24***,0.25***,0.3***
0.14***,0.23***,0.18***,0.15***,0.01,0.16***,0.24***,1.0***,0.15***,0.12***
0.34***,0.25***,0.28***,0.18***,0.06,0.17***,0.25***,0.15***,1.0***,0.38***
0.2***,0.29***,0.2***,0.2***,0.06,0.09**,0.3***,0.12***,0.38***,1.0***
Has opinion (manual),Liberal (manual),Conservative (manual),MFD1: Liberal (ratio),MFD1: Conservative (ratio),MFD2: Liberal (ratio),MFD2: Conservative (ratio),eMFD: Liberal (ratio),eMFD: Conservative (ratio),Has opinion (ML),Liberal (ML),Conservative (ML)
1.0***,0.49***,0.43***,-0.02,0.06,-0.03,0.07,0.03,0.02,0.46***,0.28***,0.3***
0.49***,1.0***,-0.19***,-0.03,0.03,-0.01,0.03,-0.01,0.04,0.27***,0.29***,0.09*
0.43***,-0.19***,1.0***,-0.04,0.01,-0.03,0.04,0.05,-0.05,0.21***,0.04,0.21***
-0.02,-0.03,-0.04,1.0***,-0.02,0.48***,0.02,0.12**,-0.04,0.05,0.01,-0.02
0.06,0.03,0.01,-0.02,1.0***,-0.05,0.24***,0.0,0.09**,0.03,0.07*,-0.02
-0.03,-0.01,-0.03,0.48***,-0.05,1.0***,-0.06,0.28***,-0.1**,-0.04,0.01,-0.05
0.07,0.03,0.04,0.02,0.24***,-0.06,1.0***,-0.05,0.09*,0.03,-0.01,0.07
0.03,-0.01,0.05,0.12**,0.0,0.28***,-0.05,1.0***,-0.3***,0.03,0.04,0.01
0.02,0.04,-0.05,-0.04,0.09**,-0.1**,0.09*,-0.3***,1.0***,0.05,0.06,0.03
0.46***,0.27***,0.21***,0.05,0.03,-0.04,0.03,0.03,0.05,1.0***,0.44***,0.39***
0.28***,0.29***,0.04,0.01,0.07*,0.01,-0.01,0.04,0.06,0.44***,1.0***,0.1**
0.3***,0.09*,0.21***,-0.02,-0.02,-0.05,0.07,0.01,0.03,0.39***,0.1**,1.0***
Rationality (manual),Formality,Flesch-Kincaid score,Intergrative Complexity,Rationality (ML)
1.0***,-0.08*,0.04,-0.03,0.37***
-0.08*,1.0***,0.23***,0.02,-0.14***
0.04,0.23***,1.0***,0.16***,0.06
-0.03,0.02,0.16***,1.0***,0.02
0.37***,-0.14***,0.06,0.02,1.0***
Interactivity (manual),@ mentioned,Interactivity (ML)
1.0***,0.12***,0.34***
0.12***,1.0***,-0.04
0.34***,-0.04,1.0***
Incivility (manual),Hate speech (manual),Ksiazek hostility,Google WDYL,Ksiazek civility (reverse),Muddiman’s incivility,LIWC swearword list,Hatebase wordlist,Incivility (ML),Hate speech (ML),Incivility (FT),Hate speech (FT)
1.0***,0.54***,0.38***,0.26***,0.07,0.23***,0.31***,0.14***,0.34***,0.2***,0.45***,0.42***
0.54***,1.0***,0.35***,0.38***,-0.04,0.15***,0.42***,0.23***,0.25***,0.29***,0.37***,0.52***
0.38***,0.35***,1.0***,0.37***,0.13***,0.26***,0.42***,0.18***,0.28***,0.2***,0.44***,0.45***
0.26***,0.38***,0.37***,1.0***,0.01,0.01,0.64***,0.15***,0.18***,0.2***,0.23***,0.37***
0.07,-0.04,0.13***,0.01,1.0***,0.02,-0.03,0.01,0.06,0.06,0.05,-0.02
0.23***,0.15***,0.26***,0.01,0.02,1.0***,0.11**,0.16***,0.17***,0.09**,0.21***,0.2***
0.31***,0.42***,0.42***,0.64***,-0.03,0.11**,1.0***,0.24***,0.25***,0.3***,0.3***,0.48***
0.14***,0.23***,0.18***,0.15***,0.01,0.16***,0.24***,1.0***,0.15***,0.12***,0.17***,0.22***
0.34***,0.25***,0.28***,0.18***,0.06,0.17***,0.25***,0.15***,1.0***,0.38***,0.41***,0.28***
0.2***,0.29***,0.2***,0.2***,0.06,0.09**,0.3***,0.12***,0.38***,1.0***,0.31***,0.29***
0.45***,0.37***,0.44***,0.23***,0.05,0.21***,0.3***,0.17***,0.41***,0.31***,1.0***,0.53***
0.42***,0.52***,0.45***,0.37***,-0.02,0.2***,0.48***,0.22***,0.28***,0.29***,0.53***,1.0***
Has opinion (manual),Liberal (manual),Conservative (manual),MFD1: Liberal (ratio),MFD1: Conservative (ratio),MFD2: Liberal (ratio),MFD2: Conservative (ratio),eMFD: Liberal (ratio),eMFD: Conservative (ratio),Has opinion (ML),Liberal (ML),Conservative (ML),Has opinion (FT),Liberal (FT),Conservative (FT)
1.0***,0.49***,0.43***,-0.02,0.06,-0.03,0.07,0.03,0.02,0.46***,0.28***,0.3***,0.25***,0.45***,0.35***
0.49***,1.0***,-0.19***,-0.03,0.03,-0.01,0.03,-0.01,0.04,0.27***,0.29***,0.09*,0.14***,0.28***,0.17***
0.43***,-0.19***,1.0***,-0.04,0.01,-0.03,0.04,0.05,-0.05,0.21***,0.04,0.21***,0.08*,0.16***,0.23***
-0.02,-0.03,-0.04,1.0***,-0.02,0.48***,0.02,0.12**,-0.04,0.05,0.01,-0.02,0.05,0.01,0.02
0.06,0.03,0.01,-0.02,1.0***,-0.05,0.24***,0.0,0.09**,0.03,0.07*,-0.02,0.07*,0.06,0.03
-0.03,-0.01,-0.03,0.48***,-0.05,1.0***,-0.06,0.28***,-0.1**,-0.04,0.01,-0.05,-0.08*,-0.04,0.03
0.07,0.03,0.04,0.02,0.24***,-0.06,1.0***,-0.05,0.09*,0.03,-0.01,0.07,-0.02,0.03,0.05
0.03,-0.01,0.05,0.12**,0.0,0.28***,-0.05,1.0***,-0.3***,0.03,0.04,0.01,0.11**,0.01,0.08*
0.02,0.04,-0.05,-0.04,0.09**,-0.1**,0.09*,-0.3***,1.0***,0.05,0.06,0.03,0.07*,0.02,0.03
0.46***,0.27***,0.21***,0.05,0.03,-0.04,0.03,0.03,0.05,1.0***,0.44***,0.39***,0.32***,0.55***,0.31***
0.28***,0.29***,0.04,0.01,0.07*,0.01,-0.01,0.04,0.06,0.44***,1.0***,0.1**,0.23***,0.38***,0.16***
0.3***,0.09*,0.21***,-0.02,-0.02,-0.05,0.07,0.01,0.03,0.39***,0.1**,1.0***,0.13***,0.3***,0.26***
0.25***,0.14***,0.08*,0.05,0.07*,-0.08*,-0.02,0.11**,0.07*,0.32***,0.23***,0.13***,1.0***,0.36***,0.13***
0.45***,0.28***,0.16***,0.01,0.06,-0.04,0.03,0.01,0.02,0.55***,0.38***,0.3***,0.36***,1.0***,0.3***
0.35***,0.17***,0.23***,0.02,0.03,0.03,0.05,0.08*,0.03,0.31***,0.16***,0.26***,0.13***,0.3***,1.0***
Rationality (manual),Formality,Flesch-Kincaid score,Intergrative Complexity,Rationality (ML),Rationality (FT)
1.0***,-0.08*,0.04,-0.03,0.37***,0.44***
-0.08*,1.0***,0.23***,0.02,-0.14***,-0.1**
0.04,0.23***,1.0***,0.16***,0.06,0.1**
-0.03,0.02,0.16***,1.0***,0.02,0.02
0.37***,-0.14***,0.06,0.02,1.0***,0.6***
0.44***,-0.1**,0.1**,0.02,0.6***,1.0***
Interactivity (manual),@ mentioned,Interactivity (ML),Interactivity (FT)
1.0***,0.12***,0.34***,0.5***
0.12***,1.0***,-0.04,0.09**
0.34***,-0.04,1.0***,0.37***
0.5***,0.09**,0.37***,1.0***
Incivility (manual),Hate speech (manual),Ksiazek hostility,Google WDYL,Ksiazek civility (reverse),Muddiman’s incivility,LIWC swearword list,Hatebase wordlist,Incivility (ML),Hate speech (ML),Incivility (FT),Hate speech (FT)
1.0***,0.54***,0.38***,0.26***,0.07,0.23***,0.31***,0.14***,0.34***,0.2***,0.45***,0.42***
0.54***,1.0***,0.35***,0.38***,-0.04,0.15***,0.42***,0.23***,0.25***,0.29***,0.37***,0.52***
0.38***,0.35***,1.0***,0.37***,0.13***,0.26***,0.42***,0.18***,0.28***,0.2***,0.44***,0.45***
0.26***,0.38***,0.37***,1.0***,0.01,0.01,0.64***,0.15***,0.18***,0.2***,0.23***,0.37***
0.07,-0.04,0.13***,0.01,1.0***,0.02,-0.03,0.01,0.06,0.06,0.05,-0.02
0.23***,0.15***,0.26***,0.01,0.02,1.0***,0.11**,0.16***,0.17***,0.09**,0.21***,0.2***
0.31***,0.42***,0.42***,0.64***,-0.03,0.11**,1.0***,0.24***,0.25***,0.3***,0.3***,0.48***
0.14***,0.23***,0.18***,0.15***,0.01,0.16***,0.24***,1.0***,0.15***,0.12***,0.17***,0.22***
0.34***,0.25***,0.28***,0.18***,0.06,0.17***,0.25***,0.15***,1.0***,0.38***,0.41***,0.28***
0.2***,0.29***,0.2***,0.2***,0.06,0.09**,0.3***,0.12***,0.38***,1.0***,0.31***,0.29***
0.45***,0.37***,0.44***,0.23***,0.05,0.21***,0.3***,0.17***,0.41***,0.31***,1.0***,0.53***
0.42***,0.52***,0.45***,0.37***,-0.02,0.2***,0.48***,0.22***,0.28***,0.29***,0.53***,1.0***
Has opinion (manual),Liberal (manual),Conservative (manual),MFD1: Liberal (ratio),MFD1: Conservative (ratio),MFD2: Liberal (ratio),MFD2: Conservative (ratio),eMFD: Liberal (ratio),eMFD: Conservative (ratio),Has opinion (ML),Liberal (ML),Conservative (ML),Has opinion (FT),Liberal (FT),Conservative (FT)
1.0***,0.49***,0.43***,-0.02,0.06,-0.03,0.07,0.03,0.02,0.46***,0.28***,0.3***,0.25***,0.45***,0.35***
0.49***,1.0***,-0.19***,-0.03,0.03,-0.01,0.03,-0.01,0.04,0.27***,0.29***,0.09*,0.14***,0.28***,0.17***
0.43***,-0.19***,1.0***,-0.04,0.01,-0.03,0.04,0.05,-0.05,0.21***,0.04,0.21***,0.08*,0.16***,0.23***
-0.02,-0.03,-0.04,1.0***,-0.02,0.48***,0.02,0.12**,-0.04,0.05,0.01,-0.02,0.05,0.01,0.02
0.06,0.03,0.01,-0.02,1.0***,-0.05,0.24***,0.0,0.09**,0.03,0.07*,-0.02,0.07*,0.06,0.03
-0.03,-0.01,-0.03,0.48***,-0.05,1.0***,-0.06,0.28***,-0.1**,-0.04,0.01,-0.05,-0.08*,-0.04,0.03
0.07,0.03,0.04,0.02,0.24***,-0.06,1.0***,-0.05,0.09*,0.03,-0.01,0.07,-0.02,0.03,0.05
0.03,-0.01,0.05,0.12**,0.0,0.28***,-0.05,1.0***,-0.3***,0.03,0.04,0.01,0.11**,0.01,0.08*
0.02,0.04,-0.05,-0.04,0.09**,-0.1**,0.09*,-0.3***,1.0***,0.05,0.06,0.03,0.07*,0.02,0.03
0.46***,0.27***,0.21***,0.05,0.03,-0.04,0.03,0.03,0.05,1.0***,0.44***,0.39***,0.32***,0.55***,0.31***
0.28***,0.29***,0.04,0.01,0.07*,0.01,-0.01,0.04,0.06,0.44***,1.0***,0.1**,0.23***,0.38***,0.16***
0.3***,0.09*,0.21***,-0.02,-0.02,-0.05,0.07,0.01,0.03,0.39***,0.1**,1.0***,0.13***,0.3***,0.26***
0.25***,0.14***,0.08*,0.05,0.07*,-0.08*,-0.02,0.11**,0.07*,0.32***,0.23***,0.13***,1.0***,0.36***,0.13***
0.45***,0.28***,0.16***,0.01,0.06,-0.04,0.03,0.01,0.02,0.55***,0.38***,0.3***,0.36***,1.0***,0.3***
0.35***,0.17***,0.23***,0.02,0.03,0.03,0.05,0.08*,0.03,0.31***,0.16***,0.26***,0.13***,0.3***,1.0***
Rationality (manual),Formality,Flesch-Kincaid score,Intergrative Complexity,Rationality (ML),Rationality (FT)
1.0***,-0.08*,0.04,-0.03,0.37***,0.44***
-0.08*,1.0***,0.23***,0.02,-0.14***,-0.1**
0.04,0.23***,1.0***,0.16***,0.06,0.1**
-0.03,0.02,0.16***,1.0***,0.02,0.02
0.37***,-0.14***,0.06,0.02,1.0***,0.6***
0.44***,-0.1**,0.1**,0.02,0.6***,1.0***
Interactivity (manual),@ mentioned,Interactivity (ML),Interactivity (FT)
1.0***,0.12***,0.34***,0.5***
0.12***,1.0***,-0.04,0.09**
0.34***,-0.04,1.0***,0.37***
0.5***,0.09**,0.37***,1.0***
